# Shill Lounges - 100 groups
# General shill/promo lounges (not project-specific)

-1001513206774
-1001702167162
-1001354634824
-1001626522644
-1001500050105
-1001580914469
-1001700656028
-1001989764552
-1001375757391
-1001607974503
-1001607397371
-1001589963064
-1001587835005
-1001787494444
-1001486015619
-1001690270838
-1001170762326
-1001541071735
-1001201846926
-1001512977397
-1001898310352
-1001377135436
-1001588358432
-1001571428169
-1001570839273
-1001710145932
-1001736249842
-1001704859466
-1001384676502
-1001557467886
-1001451699423
-1001376626678
-1001106055521
-1001129707802
-1001876858461
-1001380624900
-1001506934839
-1001535425734
-1001339348952
-1001576163324
-1001559590197
-1001438816036
-1001889028994
-1001449809799
-1001820043974
-1001556133069
-1001629073241
-1001756514969
-1001633350448
-1001530661953
-1001428005636
-1001873505928
-1001430735546
-1001506981844
-1001507483344
-1001571778909
-1001259452000
-1001477715084
-1001386627449
-1001696022695
-1001241977683
-1001503782743
-1001436890846
-1001532182368
-1001202886750
-1001584137596
-1001525058352
-1001735948849
-1001702870050
-1001510610641
-1001634151722
-1001535339405
-1001926841737
-1001605628959
-1001626774020
-1001581676956
-1001866821302
-1001541976149
-1001344431840
-1001675638628
-1001600629167
-1001554322676
-1001590586581
-1001605692521
-1001167247667
-1001540887893
-1001864542360
-1001569395931
-1001758176431
-1001691788054
-1001676623493
-1001823203477
-1001350757027
-1001488528546
-1001330020902
-1001830499304
-1001724481245
-1001713258696
-1001324094676
-1001619651420
